13Reimu,1,0,0,戦闘前,Reimu,Sanae,,,,,1,1,0,,,,,,,0,,,
13Reimu,2,0,0,戦闘・ボム直後,,,,,,2,1,,0,,,,,,,0,,,
13Reimu,3,0,0,戦闘・ボム直後,,Sanae_en,,,,3,0,,0,敵HP割合,0,60,,,,0,,,
13Reimu,109,0,0,戦闘・ボム直後,,Sanae_en,1,5,,,0,,0,敵HP,0,0,,,,0,,,
13Reimu,15,0,0,戦闘・ボム直後,,Sanae_en,,,3,,0,,0,敵HP割合,0,20,,,,0,NO_PICHUN,,
13Reimu,7,0,0,戦闘・ボム後,,,,,,,1,,0,ユニット非生存,Reimu,,,,,0,,,
13Reimu,16,9,0,戦闘・ボム後,,,,,15,,0,,0,,,,,,,0,,,
13Reimu,-1,0,0,戦闘・ボム後,,,,,15,,0,,0,敵HP,0,0,,,,0,,,
13Reimu,6,0,0,戦闘・ボム後,,,,,16,,1,,0,,,,,,,0,,,
13Reimu,0,0,0,ターン終了,,,1,1,,,1,,0,,,,,,,0,,,
13Reimu,10,0,0,ロード/SLG/暗転中,,,,,3,,1,,0,,,,,,,1,,,
13Reimu,10,0,0,行動終了,Reimu,,,,3,,0,,0,,,,,,,1,,,
13Reimu,9,0,0,行動終了,Reimu,,,,,,1,,0,現在地形,연못,,,,,0,,,
