47Common,5,0,0,戦闘前,Reimu,,,,,,1,1,0,,,,,,,0,,,
47Common,6,0,0,戦闘前,Marisa,,,,,,1,1,0,,,,,,,0,,,
47Common,7,0,0,戦闘前,Sanae,,,,,,1,1,0,,,,,,,0,,,
47Common,8,0,0,戦闘前,Alice,,,,,,1,1,0,,,,,,,0,,,
47Common,9,0,0,戦闘前,Keine/KeineH,,,,,,1,1,0,,,,,,,0,,,
47Common,10,0,0,戦闘前,Nitori,,,,,,1,1,0,,,,,,,0,,,
47Common,11,0,0,戦闘前,Rumia,,,,,,1,1,0,,,,,,,0,,,
47Common,12,0,0,戦闘前,Daiyosei,,,,,,1,1,0,,,,,,,0,,,
47Common,13,0,0,戦闘前,Cirno,,,,,,1,1,0,,,,,,,0,,,
47Common,14,0,0,戦闘前,Sakuya,,,,,,1,1,0,,,,,,,0,,,
47Common,15,0,0,戦闘前,Meiling,,,,,,1,1,0,,,,,,,0,,,
47Common,16,0,0,戦闘前,Patchouli,,,,,,1,1,0,,,,,,,0,,,
47Common,17,0,0,戦闘前,Koakuma,,,,,,1,1,0,,,,,,,0,,,
47Common,18,0,0,戦闘前,Remilia,,,,,,1,1,0,,,,,,,0,,,
47Common,19,0,0,戦闘前,Flan,,,,,,1,1,0,,,,,,,0,,,
47Common,20,0,0,戦闘前,Elliy,,,,,,1,1,0,,,,,,,0,,,
47Common,21,0,0,戦闘前,Kurumi,,,,,,1,1,0,,,,,,,0,,,
47Common,22,0,0,戦闘前,Sunny,,,,,,1,1,0,,,,,,,0,,,
47Common,23,0,0,戦闘前,Luna,,,,,,1,1,0,,,,,,,0,,,
47Common,24,0,0,戦闘前,Star,,,,,,1,1,0,,,,,,,0,,,
47Common,25,0,0,戦闘前,Lunasa,,,,,,1,1,0,,,,,,,0,,,
47Common,26,0,0,戦闘前,Merlin,,,,,,1,1,0,,,,,,,0,,,
47Common,27,0,0,戦闘前,Lyrica,,,,,,1,1,0,,,,,,,0,,,
47Common,28,0,0,戦闘前,Sho,,,,,,1,1,0,,,,,,,0,,,
47Common,29,0,0,戦闘前,Nazrin,,,,,,1,1,0,,,,,,,0,,,
47Common,30,0,0,戦闘前,Murasa,,,,,,1,1,0,,,,,,,0,,,
47Common,31,0,0,戦闘前,Wriggle,,,,,,1,1,0,,,,,,,0,,,
47Common,32,0,0,戦闘前,Youmu,,,,,,1,1,0,,,,,,,0,,,
47Common,33,0,0,戦闘前,Mystia,,,,,,1,1,0,,,,,,,0,,,
47Common,34,0,0,戦闘前,Chen,,,,,,1,1,0,,,,,,,0,,,
47Common,36,36,1,戦闘前,Makura,,,,,,1,0,0,,,,,,,0,,,
47Common,37,37,1,戦闘前,Meko,,,,,,1,0,0,,,,,,,0,,,
47Common,38,38,1,戦闘前,Shinki,,,,,,1,0,0,,,,,,,0,,,
47Common,39,39,1,戦闘前,Yukari,,,,,,1,0,0,,,,,,,0,,,
47Common,40,40,1,戦闘前,Yuyuko,,,,,,1,0,0,,,,,,,0,,,
47Common,41,41,1,戦闘前,Yorihime,,,,,,1,0,0,,,,,,,0,,,
47Common,42,42,1,戦闘前,Toyohime,,,,,,1,0,0,,,,,,,0,,,
47Common,43,43,1,戦闘前,Eirin,,,,,,1,0,0,,,,,,,0,,,
47Common,44,44,1,戦闘前,Kaguya,,,,,,1,0,0,,,,,,,0,,,
47Common,45,45,1,戦闘前,Tenshi,,,,,,1,0,0,,,,,,,0,,,
47Common,46,46,1,戦闘前,Iku,,,,,,1,0,0,,,,,,,0,,,
47Common,47,47,1,戦闘前,Yuka,,,,,,1,0,0,,,,,,,0,,,
47Common,1,0,0,戦闘・ボム後,,,,,0,,0,,0,敵数,0,0,,,,0,,,
47Common,4,0,0,戦闘・ボム後,,,,,,,1,,0,ユニット非生存,Seirensen,,,,,0,,,
47Common,0,0,0,戦闘・ボム後,,,,,,0,1,,0,敵数,0,3,,,,0,,,
47Common,3,0,0,戦闘・ボム後,,,1,5,1,,0,,0,,,,,,,0,,,
47Common,2,0,0,戦闘・ボム後,,,,,1,,1,,0,,,,,,,0,,,
47Common,0,0,0,ターン開始,,,3,3,,,1,,0,,,,,,,0,,,
