67Common,9,0,0,戦闘前,Sho/Nazrin,,,,,5,1,1,0,,,,,,,0,,,
67Common,10,0,0,戦闘前,Ran/Chen,,,,,5,1,1,0,,,,,,,0,,,
67Common,11,0,0,戦闘前,Youmu/Momiji,,,,,5,1,1,0,,,,,,,0,,,
67Common,12,0,0,戦闘前,Udonge/Kaguya,,,,,5,1,1,0,,,,,,,0,,,
67Common,50,25,1,戦闘前,Meko/Makura,,,,,,1,1,0,,,,,,,0,,,
67Common,13,0,0,戦闘・ボム後,,,,,,,1,,0,ユニット非生存,Sho,,,,,0,,,
67Common,13,0,0,戦闘・ボム後,,,,,,,1,,0,ユニット非生存,Nazrin,,,,,0,,,
67Common,13,0,0,戦闘・ボム後,,,,,,,1,,0,ユニット非生存,Seirensen,,,,,0,,,
67Common,0,0,0,戦闘・ボム後,,,,,,,1,,0,撃破数,5,23,,,,0,,,
67Common,1,0,0,戦闘・ボム後,,,,,,,1,,0,撃破数,10,30,,,,0,,,
67Common,2,0,0,戦闘・ボム後,,,,,,,1,,0,撃破数,15,40,,,,0,,,
67Common,3,0,0,戦闘・ボム後,,,,,,,1,,0,撃破数,20,48,,,,0,,,
67Common,4,0,0,戦闘・ボム後,,,,,,,1,,0,撃破数,25,51,,,,0,,,
67Common,5,0,0,戦闘・ボム後,,,,,,,1,,0,撃破数,30,52,フェイズ,1,1,0,,,
67Common,7,0,0,戦闘・ボム後,,,,,5,,1,,0,撃破数,35,72,,,,0,,,
67Common,26,0,0,ロード/出撃配置/1PP,,,,,,,1,,0,,,,,,,1,,,
67Common,0,0,0,ターン開始,,,2,2,,,1,,0,,,,,,,0,,,
67Common,29,0,0,ターン開始,,,6,6,,5,0,,0,,,,,,,0,,,
67Common,5,0,0,ターン開始,,,6,6,,,1,,0,,,,,,,0,,,
67Common,7,0,0,ターン開始,,,7,7,,,1,,0,,,,,,,0,,,
67Common,7,0,0,ターン開始,,,,,5,,1,,0,,,,,,,0,,,
67Common,28,0,0,ターン終了,,,,,,,0,,0,,,,,,,1,,,
67Common,1,0,0,ターン終了,,,2,2,,,0,,0,,,,,,,0,,,
67Common,2,0,0,ターン終了,,,3,3,,,0,,0,,,,,,,0,,,
67Common,3,0,0,ターン終了,,,4,4,,,0,,0,,,,,,,0,,,
67Common,4,0,0,ターン終了,,,5,5,,,0,,0,,,,,,,0,,,
67Common,15,0,0,ターン終了,,,,,,5,1,,0,,,,,,,1,,,
67Common,27,0,0,ロード/出撃配置/増援,,,,,,,1,,0,,,,,,,1,,,
67Common,30,0,0,行動終了,Sho,,,,5,,0,,0,x座標,352,352,y座標,304,304,0,,,
67Common,14,0,0,行動終了,Sho,,,,30,,0,,0,敵数,0,0,,,,0,,,
67Common,8,0,0,行動終了,Sho,,,,5,,1,,0,x座標,352,352,y座標,304,304,0,,,
67Common,25,0,0,行動終了,Sho,,,,,5,0,,0,x座標,352,352,y座標,304,304,1,,,
67Common,0,0,0,行動終了,Sho,,,,,,1,,0,x座標,352,352,y座標,304,304,0,,,
67Common,1,0,0,行動終了,Sho,,,,,,1,,0,x座標,352,352,y座標,304,304,0,,,
67Common,2,0,0,行動終了,Sho,,,,,,1,,0,x座標,352,352,y座標,304,304,0,,,
67Common,3,0,0,行動終了,Sho,,,,,,1,,0,x座標,352,352,y座標,304,304,0,,,
67Common,4,0,0,行動終了,Sho,,,,,,1,,0,x座標,352,352,y座標,304,304,0,,,
67Common,5,0,0,行動終了,Sho,,,,,,1,,0,x座標,352,352,y座標,304,304,0,,,
67Common,25,0,0,行動終了,Nazrin,,,,,5,0,,0,x座標,352,352,y座標,304,304,1,,,
67Common,0,0,0,行動終了,Nazrin,,,,,,1,,0,x座標,352,352,y座標,304,304,0,,,
67Common,1,0,0,行動終了,Nazrin,,,,,,1,,0,x座標,352,352,y座標,304,304,0,,,
67Common,2,0,0,行動終了,Nazrin,,,,,,1,,0,x座標,352,352,y座標,304,304,0,,,
67Common,3,0,0,行動終了,Nazrin,,,,,,1,,0,x座標,352,352,y座標,304,304,0,,,
67Common,4,0,0,行動終了,Nazrin,,,,,,1,,0,x座標,352,352,y座標,304,304,0,,,
67Common,5,0,0,行動終了,Nazrin,,,,,,1,,0,x座標,352,352,y座標,304,304,0,,,
