69Common,2,0,0,戦闘前,Shinki/Yumeko,,,,,,1,1,0,,,,,,,0,,,
69Common,3,0,0,戦闘前,Alice/Nitori,,,,,,1,1,0,,,,,,,0,,,
69Common,6,0,0,戦闘・ボム後,,,,,,,1,,0,味方数,0,0,,,,0,,,
69Common,0,0,0,戦闘・ボム後,,,,,,,1,,0,敵数,0,15,,,,0,,,
69Common,1,0,0,戦闘・ボム後,,,,,,,1,,0,敵数,0,10,,,,0,,,
69Common,5,0,0,戦闘・ボム後,,,1,5,,,0,,0,敵数,0,0,,,,0,,,
69Common,4,0,0,戦闘・ボム後,,,,,,,1,,0,敵数,0,0,,,,0,,,
69Common,21,0,0,ロード/SLG/暗転中,,,,,20,,1,,0,,,,,,,1,,,
69Common,0,0,0,ターン開始,,,2,2,,,1,,0,,,,,,,0,,,
69Common,1,0,0,ターン開始,,,3,3,,,1,,0,,,,,,,0,,,
69Common,20,0,0,行動終了,Reimu,,,,,,1,,0,現在地形,온천,,,,,0,,,
