03OST,24,18,0,戦闘前,,YorihimeD,,,,9,1,1,0,,,,,,,0,,,
03OST,5,0,0,戦闘前,,YorihimeD,,,9,24,1,1,0,,,,,,,0,,,
03OST,10,0,0,戦闘前,,ToyohimeD,,,,,1,1,0,,,,,,,0,,,
03OST,6,0,0,戦闘・ボム直後,,Yorihime_en,,,,7,1,,0,敵HP,0,0,,,,0,NO_PICHUN,,
03OST,8,0,0,戦闘・ボム直後,,Yorihime_en,,,7,,1,,0,敵HP,0,0,,,,1,,,
03OST,12,0,0,戦闘・ボム直後,,Toyohime_en,,,,13,1,,0,敵HP,0,0,,,,0,GET_SPELL,NO_PICHUN,
03OST,18,0,0,戦闘・ボム直後,,Toyohime_en,,,13,,1,,0,敵HP,0,0,,,,1,,,
03OST,15,0,0,戦闘・ボム後,,,,,,,1,,0,ユニット非生存,Seirensen,,,,,0,,,
03OST,7,0,0,戦闘・ボム後,,,,,6,,1,,0,,,,,,,0,,,
03OST,13,0,0,戦闘・ボム後,,,,,12,,1,,0,,,,,,,0,,,
03OST,11,0,0,スペル撃破,,Toyohime_en,,,,,1,,0,スペルID,0,0,,,,0,,,
03OST,13,0,0,スペル逃げ切り,,Toyohime_en,,,,,1,,0,スペルID,1,1,,,,0,,,
03OST,23,0,0,ターン開始,,,8,8,,,0,,0,,,,,,,0,,,
03OST,14,0,0,ターン開始,,,8,8,,,1,,0,,,,,,,0,,,
03OST,19,0,0,ターン終了,,,,,,,0,,0,,,,,,,1,,,
03OST,0,0,0,ターン終了,,,1,1,,,1,,0,,,,,,,0,,,
03OST,1,0,0,ターン終了,,,2,2,,,1,,0,,,,,,,0,,,
03OST,2,0,0,ターン終了,,,3,3,,,1,,0,,,,,,,0,,,
03OST,3,0,0,ターン終了,,,4,4,,,0,,0,,,,,,,0,,,
03OST,9,0,0,ターン終了,,,4,4,,,1,,0,,,,,,,0,,,
03OST,20,0,0,ロード/出撃配置/1PP,,,,,,,1,,0,,,,,,,1,,,
03OST,20,0,0,ロード/SLG/暗転中,,,,,,,1,,0,,,,,,,1,,,
03OST,21,0,0,敵行動開始,,Toyohime_en,,,,,1,,0,スペルID,1,1,,,,1,,,
03OST,22,0,0,行動終了,All,,,,,9,1,,0,フェイズ,1,1,,,,1,,,
