50Common,7,0,0,戦闘前,Letty,,,,,,1,1,0,,,,,,,0,,,
50Common,8,0,0,戦闘前,Lunasa/Merlin/Lyrica,,,,,,1,1,0,,,,,,,0,,,
50Common,9,0,0,戦闘前,Kanako/Suwako,,,,,,1,1,0,,,,,,,0,,,
50Common,10,0,0,戦闘前,Minoriko,,,,,,1,1,0,,,,,,,0,,,
50Common,11,0,0,戦闘前,Hina,,,,,,1,1,0,,,,,,,0,,,
50Common,12,0,0,戦闘前,Sanae,,,,,,1,1,0,,,,,,,0,,,
50Common,13,0,0,戦闘前,Marisa,,,,,,1,1,0,,,,,,,0,,,
50Common,14,0,0,戦闘前,Reimu,,,,,,1,1,0,,,,,,,0,,,
50Common,15,0,0,戦闘前,Alice,,,,,,1,1,0,,,,,,,0,,,
50Common,16,0,0,戦闘前,Cirno,,,,2,,1,1,0,,,,,,,0,,,
50Common,17,0,0,戦闘前,Eirin,,,,,,1,1,0,,,,,,,0,,,
50Common,18,0,0,戦闘前,Tewi,,,,,,1,1,0,,,,,,,0,,,
50Common,19,0,0,戦闘前,Udonge,,,,,,1,1,0,,,,,,,0,,,
50Common,20,0,0,戦闘前,Youmu,,,,,,1,1,0,,,,,,,0,,,
50Common,21,0,0,戦闘前,Patchouli/Koakuma,,,,,,1,1,0,,,,,,,0,,,
50Common,22,0,0,戦闘前,Yuyuko,,,,,,1,1,0,,,,,,,0,,,
50Common,23,0,0,戦闘前,Mystia,,,,,,1,1,0,,,,,,,0,,,
50Common,24,0,0,戦闘前,Wriggle,,,,,,1,1,0,,,,,,,0,,,
50Common,25,0,0,戦闘前,Rumia,,,,,,1,1,0,,,,,,,0,,,
50Common,26,0,0,戦闘前,Ran/Chen,,,,,,1,1,0,,,,,,,0,,,
50Common,27,0,0,戦闘前,Sunny/Luna/Star,,,,,,1,1,0,,,,,,,0,,,
50Common,28,0,0,戦闘前,Kurumi,,,,,,1,1,0,,,,,,,0,,,
50Common,29,0,0,戦闘前,Sho,,,,,,1,1,0,,,,,,,0,,,
50Common,30,0,0,戦闘前,Chen,,,,,,1,1,0,,,,,,,0,,,
50Common,31,0,0,戦闘前,Shizuha,,,,,,1,1,0,,,,,,,0,,,
50Common,32,0,0,戦闘前,Rumia,,,,,,1,1,0,,,,,,,0,,,
50Common,33,0,0,戦闘前,Suika,,,,,,1,1,0,,,,,,,0,,,
50Common,34,0,0,戦闘前,Yukari,,,,,,1,1,0,,,,,,,0,,,
50Common,35,0,0,戦闘前,Keine/KeineH,,,,,,1,1,0,,,,,,,0,,,
50Common,36,0,0,戦闘前,Komachi,,,,,,1,1,0,,,,,,,0,,,
50Common,37,0,0,戦闘前,LilyW/LilyB,,,,,,1,1,0,,,,,,,0,,,
50Common,38,0,0,戦闘前,Daiyosei,,,,,,1,1,0,,,,,,,0,,,
50Common,39,0,0,戦闘前,Nazrin,,,,,,1,1,0,,,,,,,0,,,
50Common,40,0,0,戦闘前,Meiling/Sakuya,,,,,,1,1,0,,,,,,,0,,,
50Common,41,0,0,戦闘前,Kaguya,,,,,,1,1,0,,,,,,,0,,,
50Common,42,0,0,戦闘前,Mokou,,,,,,1,1,0,,,,,,,0,,,
50Common,43,0,0,戦闘前,Remilia,,,,,,1,1,0,,,,,,,0,,,
50Common,44,0,0,戦闘前,Flan,,,,,,1,1,0,,,,,,,0,,,
50Common,45,0,0,戦闘前,Nitori,,,,,,1,1,0,,,,,,,0,,,
50Common,46,0,0,戦闘前,Elliy,,,,,,1,1,0,,,,,,,0,,,
50Common,47,0,0,戦闘前,Aya,,,,,,1,1,0,,,,,,,0,,,
50Common,48,0,0,戦闘前,Momiji,,,,,,1,1,0,,,,,,,0,,,
50Common,49,0,0,戦闘前,Hatate,,,,,,1,1,0,,,,,,,0,,,
50Common,50,0,0,戦闘前,Murasa,,,,,,1,1,0,,,,,,,0,,,
50Common,54,54,1,戦闘前,Makura/Meko,,,,,,1,1,0,,,,,,,0,,,
50Common,55,55,1,戦闘前,Tensoku,,,,,,1,1,0,,,,,,,0,,,
50Common,4,0,0,戦闘・ボム後,,,,,,,1,,0,ユニット非生存,Seirensen,,,,,0,,,
50Common,2,0,0,戦闘・ボム後,,,,,,,1,,0,敵数,0,2,,,,0,,,
50Common,5,0,0,戦闘・ボム後,,,1,5,2,3,0,,0,敵数,0,0,,,,0,,,
50Common,3,0,0,戦闘・ボム後,,,,,2,,1,,0,敵数,0,0,,,,0,,,
50Common,1,0,0,ターン開始,,,2,2,,,1,,0,,,,,,,0,,,
50Common,2,0,0,ターン開始,,,3,3,,,1,,0,,,,,,,0,,,
50Common,0,0,0,ターン終了,,,1,1,,,1,,0,,,,,,,0,,,
50Common,6,0,0,行動終了,,,,,,,1,,0,現在地形,온천,,,,,0,,,
