03Sakuya,6,9,0,戦闘前,Sakuya,,,,,,1,,1,,,,,,,0,,,
03Sakuya,7,10,0,戦闘前,Meiling,,,,,,1,,1,,,,,,,0,,,
03Sakuya,8,11,0,戦闘前,Flan,,,,,,1,,1,,,,,,,0,,,
03Sakuya,10,0,0,戦闘・ボム後,,,,,,,1,,1,味方数,0,2,,,,0,,,
03Sakuya,0,0,0,戦闘・ボム後,Meiling,All,,,,,1,,1,,,,,,,0,,,
03Sakuya,2,0,0,戦闘・ボム後,,,,,,,1,,1,敵数,0,4,,,,0,,,
03Sakuya,3,0,0,戦闘・ボム後,,,,,,,1,,1,敵数,0,4,,,,0,,,
03Sakuya,4,0,0,戦闘・ボム後,,,,,,,1,,1,敵数,0,4,,,,0,,,
03Sakuya,109,0,0,戦闘・ボム後,,,1,6,,,0,,1,敵数,0,0,,,,0,,,
03Sakuya,5,0,0,戦闘・ボム後,,,,,,,1,,1,敵数,0,0,,,,0,,,
03Sakuya,1,0,0,ターン開始,,,2,2,,,1,,1,,,,,,,0,,,
03Sakuya,2,0,0,ターン開始,,,4,4,,,1,,1,,,,,,,0,,,
03Sakuya,3,0,0,ターン開始,,,6,6,,,1,,1,,,,,,,0,,,
03Sakuya,4,0,0,ターン開始,,,9,9,,,1,,1,,,,,,,0,,,
